
MORNING with nstates = 1:10

> single_bic
 [1]          NA   14435.279   10264.220    8504.303    7722.149    6975.901
 [7]    6206.222    6031.616    6237.680    4938.301          NA  -23783.704
[13]          NA          NA          NA          NA          NA          NA
[19]          NA          NA          NA   36431.199   31450.501   28487.057
[25]   26131.108   24551.621   23491.593   22775.318   22147.041   21973.854
[31]          NA   40140.224   31928.704   29513.393   26012.098   23973.189
[37]   24562.292   21201.699   -9658.074   22499.946          NA          NA
[43]          NA          NA          NA          NA          NA          NA
[49]          NA          NA          NA   18764.424          NA          NA
[55]          NA          NA          NA          NA          NA          NA
[61]          NA   26036.188   16085.208   14657.045   14086.950 -115265.436
[67] -197356.220 -194730.799 -113585.706

> pair_bic
  [1]        NA -1186.595 -6111.469 -9625.357        NA        NA        NA
  [8]        NA        NA        NA        NA 58073.982 53540.689 49711.706
 [15] 47341.021 46372.029 43137.108 41539.813 41229.590 39614.961        NA
 [22] 64020.173 53725.830 49921.003 44151.576 42443.163 40407.383 38283.440
 [29] 37377.759 36613.976        NA        NA        NA        NA        NA
 [36]        NA        NA        NA        NA        NA        NA 46004.048
 [43]        NA        NA        NA        NA        NA        NA        NA
 [50]        NA        NA 81007.044 76805.721 42035.864 35948.132 27881.843
 [57] 27366.301 26726.787 26719.899        NA        NA 19947.099        NA
 [64]        NA        NA        NA        NA        NA        NA        NA
 [71]        NA 28594.198        NA        NA        NA        NA        NA
 [78]        NA        NA        NA        NA        NA        NA        NA
 [85]        NA        NA        NA        NA        NA        NA        NA
 [92]        NA        NA        NA        NA        NA        NA        NA
 [99]        NA        NA        NA 43054.852        NA        NA        NA
[106]        NA        NA        NA        NA        NA        NA 82412.803
[113] 74147.031 70324.419 68011.013 66132.533 64739.974 63405.357 61497.075
[120] 59460.272        NA        NA        NA        NA        NA        NA
[127]        NA        NA        NA        NA        NA 62453.378        NA
[134]        NA        NA        NA        NA        NA        NA        NA
[141]        NA 68183.792 58234.568        NA 57499.800        NA 51426.640
[148]        NA        NA        NA        NA        NA        NA        NA
[155]        NA        NA        NA        NA        NA        NA        NA
[162] 71323.894        NA        NA        NA        NA        NA        NA
[169]        NA        NA        NA 82379.517 64552.733 59023.657        NA
[176]        NA        NA        NA        NA        NA        NA        NA
[183]        NA        NA        NA        NA        NA        NA        NA
[190]        NA        NA        NA        NA        NA        NA        NA
[197]        NA        NA        NA        NA        NA 85571.273


NIGHT with nstates = 1:10

> single_bic
 [1]          NA   22305.885   15701.970   13020.146   11337.080   10265.247
 [7]    9871.177    9516.024   10326.237    9266.987          NA  -23187.695
[13]          NA          NA          NA          NA          NA          NA
[19]          NA          NA          NA   36820.161   31300.530   27932.835
[25]   25101.063   23416.074   22114.199   21171.472   20724.342   20149.504
[31]          NA   41973.200   34360.981   31172.889   29029.620   25506.577
[37]   23719.999   21660.262   -1027.957   19253.427          NA          NA
[43]          NA          NA          NA          NA          NA          NA
[49]          NA          NA          NA   21477.369          NA          NA
[55]          NA          NA          NA          NA          NA          NA
[61]          NA   25094.849   17444.724   16160.047  -43760.901 -136214.633
[67]  -46431.118 -132949.873          NA -157417.299

> pair_bic
  [1]          NA   7145.9354    476.8602  -3461.8552  -6490.1669  -8370.6369
  [7]          NA          NA          NA          NA          NA  64770.7510
 [13]  57833.5176  53306.7380  51070.6844  48454.4179  46826.0608  46026.6413
 [19]  44066.9513  43719.6526          NA  72139.7926  59598.1766  54154.0192
 [25]  50401.3711  48469.0120  46514.4124  45483.6754  42492.4993  41188.8042
 [31]          NA          NA          NA          NA          NA          NA
 [37]          NA          NA          NA          NA          NA  51520.8314
 [43]          NA          NA          NA          NA          NA          NA
 [49]          NA          NA          NA  55526.6122  47756.2930  46886.9001
 [55]  37262.3332  36039.6621  36684.8311  35841.9705 -56442.3156  32006.7736
 [61]          NA  22031.5057          NA          NA          NA          NA
 [67]          NA          NA          NA          NA          NA  26331.4511
 [73]  21978.1800  14198.0138  11863.9507   8390.8512   6378.0159   5119.8659
 [79]          NA   1368.3185          NA          NA          NA          NA
 [85]          NA          NA          NA          NA          NA          NA
 [91]          NA   6176.0070          NA          NA          NA          NA
 [97]          NA          NA          NA          NA          NA   9537.3449
[103]          NA   1385.0904          NA          NA          NA          NA
[109]          NA  -2688.9086          NA  86040.2121  74646.7221  71452.6583
[115]  68218.5502  65318.4354  63861.4684  61656.9149  59292.9453  58759.7127
[121]          NA          NA          NA          NA          NA          NA
[127]          NA          NA          NA          NA          NA  66187.6790
[133]          NA          NA          NA          NA          NA          NA
[139]          NA          NA          NA  69103.8935  61410.5770  61041.6113
[145]          NA          NA  54344.2025  54154.6916  46365.1242  46459.3800
[151]          NA          NA          NA          NA          NA          NA
[157]          NA          NA          NA          NA          NA  74926.6018
[163]          NA          NA          NA          NA          NA          NA
[169]          NA          NA          NA  76971.8920  65727.3610  62894.1837
[175]  52797.9009  52246.1264  51589.2445  46418.8253          NA          NA
[181]          NA  40342.3437          NA          NA          NA          NA
[187]          NA          NA          NA          NA          NA          NA
[193]          NA          NA          NA          NA          NA          NA
[199]          NA          NA          NA  86549.2876